CCPS616 - Lab 2 - Andy Lee
Each result is the average of  10 trials

k		mult4() 	mult3a() 	mult3b() 
10		0		0.8998		0.0998
11		0.0999		0.8998		0.1998
12		0.1		0.8996		0.3
13		0.0999		1.3996		0
14		0.1		1.2995		0.1999
15		0.4		1.2994		0.1
16		0.1999		1.5996		0
17		0.0999		1.9994		0.2998
18		0.1		2.3992		0.1999
19		0.1999		2.4993		0.2998
20		0.3967		3.1021		0.2999
21		0.2999		2.7991		0.4998
22		0.2999		2.999		0.5998
23		0.2999		2.7989		0.8
24		0.6997		2.8991		0.4999
25		0.5999		3.7986		0.2
26		0.4999		4.3983		0.3
27		1.2996		4.3984		0.7999
28		0.4997		5.1983		0.6999
29		0.3997		5.0983		1.1997
30		1.0995		6.5978		0.6998
31		0.5997		5.3982		0.7998
32		0.5998		6.1981		0.6997
33		0.5997		6.298		0.9999
34		0.5001		6.6976		0.7998
35		0.6996		6.698		0.7997
36		0.5997		7.0016		1.0957
37		0.6999		7.897		1.3998
38		1.0998		8.1973		1.2994
39		0.8995		7.0977		1.3996
40		0.7		7.8973		1.2994
41		0.9997		7.9971		1.1998
42		0.8996		7.9974		1.6996
43		0.9997		8.4972		1.4995
44		1.1		9.6965		1.5993
45		0.9997		8.8969		1.2997
46		1.0997		8.997		1.3995
47		1.1992		9.5972		1.2995
48		1.0995		9.3969		1.3998
49		1.2997		11.0964		1.3994
50		1.3995		10.2965		1.4996
51		1.2995		10.7963		1.3996
52		1.0995		10.5963		1.4997
53		1.4998		11.8959		1.5993
54		1.5995		13.2049		1.4902
55		1.3996		11.3963		1.6994
56		1.7994		11.9958		1.4998
57		1.4994		12.3959		1.6996
58		1.1996		13.0958		1.5995
59		1.4992		13.2959		1.5995
60		1.6995		14.2956		1.8989
61		1.7995		14.0952		1.3996
62		1.8992		14.9953		1.8993
63		2.0995		14.6951		1.8992
64		2.0994		14.9952		1.9993
65		1.9994		16.0947		2.1991
66		1.9993		16.6944		2.1994
67		2.1993		16.8943		2.5993
68		2.0993		17.6942		2.5991
69		2.2992		17.794		2.8992
70		2.299		18.5938		2.7993
71		2.499		18.7938		2.8991
72		2.4991		19.3935		2.8992
73		2.5995		19.893		3.0989
74		2.699		19.8934		3.399
75		2.7987		20.3938		3.4985
76		2.5992		20.9929		3.4989
77		2.7988		20.9933		3.8986
78		2.7991		21.9925		4.0989
79		3.0987		22.0929		3.4991
80		2.9989		22.6925		3.9987
81		2.999		23.2919		4.0989
82		3.099		23.2924		4.1984
83		3.1991		23.5918		4.0989
84		3.4987		24.3919		4.1988
85		3.299		24.4918		4.2985
86		3.699		25.6917		4.3982
87		3.4988		25.9919		4.2982
88		3.4989		25.5916		4.3984
89		3.5987		25.5915		4.5986
90		3.8987		26.6911		4.4985
91		3.9989		26.691		4.5984
92		4.0991		26.7908		4.6985
93		4.4989		28.0906		4.6982
94		3.7985		27.6909		4.5984
95		4.0991		29.4901		4.3983
96		4.1984		29.1902		4.7987
97		4.1987		29.0902		4.7985
98		4.0985		29.9901		4.6985
99		4.7985		30.49		4.6983
100		4.2988		30.9897		4.7984
101		4.6984		31.6898		4.8982
102		4.6982		31.7896		4.5986
103		4.898		32.9894		4.7984
104		5.2984		32.8892		4.7983
105		5.0985		33.489		4.8982
106		5.3982		33.5892		4.7982
107		5.198		34.1887		4.8987
108		5.3981		34.7884		4.7987
109		5.4982		34.4886		4.7983
110		5.6022		35.4839		4.9986
111		5.4981		35.5882		4.9985
112		5.6979		36.1883		5.1984
113		5.898		36.6879		4.8984
114		5.9977		37.6876		4.9986
115		6.3979		39.5869		5.2984
116		6.598		41.3864		5.4979
117		6.1976		39.6871		5.1984
118		6.4979		40.1867		5.1982
119		6.8974		41.7865		5.1983
120		6.1982		41.5861		5.5982
121		6.6977		42.0859		5.2984
122		6.5979		42.6859		5.2983
123		6.8978		43.5859		5.4979
124		6.798		44.4852		5.598
125		6.8979		44.7853		5.6979
126		7.2979		44.6847		5.9982
127		7.2977		45.3852		5.9979
128		7.2978		47.0844		6.3976
129		7.7974		47.3843		6.1981
130		7.6972		48.5841		7.1978
131		7.3972		49.4836		7.6979
132		7.8977		49.2837		7.5973
133		8.2978		51.7824		7.1978
134		7.9976		51.9829		7.797
135		8.1972		51.9831		7.9973
136		8.2969		53.1829		8.2972
137		8.4967		54.4822		8.4976
138		8.497		54.2823		8.7971
139		8.7974		54.5821		8.7967
140		8.8966		55.4815		9.0976
141		8.997		56.3813		9.0971
142		8.9974		56.9812		9.5966
143		9.1967		57.9808		9.5971
144		9.0971		58.5804		9.6969
145		9.4968		58.6806		9.9969
146		9.3964		61.58		9.9969
147		9.3968		60.9798		10.4968
148		9.9966		61.5799		10.7962
149		10.0965		62.9793		10.4968
150		10.2969		63.2789		10.9965
151		10.4965		62.8794		10.9963
152		10.3968		64.4787		11.2962
153		10.4965		64.0787		11.7964
154		10.6963		64.7788		11.596
155		10.9964		65.9784		11.5959
156		10.9966		65.5788		11.6956
157		11.1962		66.8778		11.5965
158		11.096		69.0774		11.9961
159		11.2965		68.2772		11.9961
160		11.3962		68.6776		12.0958
161		11.6963		69.5771		12.1957
162		11.5965		70.6763		12.0963
163		11.7962		70.4765		12.596
164		12.0959		71.6761		12.3963
165		12.1962		71.6763		12.7958
166		12.3958		72.1763		12.6957
167		12.3964		72.3763		12.5952
168		12.4959		74.2754		12.7959
169		12.8957		73.7757		12.8961
170		13.2953		74.6756		12.9957
171		12.8959		75.3751		13.3955
172		12.9959		75.275		13.3956
173		13.6957		76.2745		13.4957
174		13.6951		76.3749		13.2959
175		13.8958		76.9745		13.3955
176		13.9953		77.7747		13.5952
177		13.6955		78.3739		13.8958
178		13.9955		80.9733		14.0954
179		14.3951		79.2739		14.0954
180		14.5949		80.5739		13.6953
181		14.4948		80.4738		13.7955
182		15.0948		81.0739		13.8951
183		15.0953		81.6734		13.9949
184		15.395		82.0732		13.995
185		15.8952		82.6728		13.995
186		15.0952		84.4718		13.8954
187		15.6949		84.8718		13.9957
188		15.4945		84.2725		14.3954
189		15.7947		86.7715		14.2954
190		15.8949		87.3711		14.1954
191		16.2945		87.4712		14.3955
192		16.3942		87.8707		14.696
193		16.3948		89.3706		14.5951
194		16.5945		90.2704		14.4951
195		17.1942		90.6703		14.4951
196		16.9946		91.57		14.295
197		16.9947		92.3689		14.6958
198		17.7939		93.0695		14.3954
199		17.5934		94.6688		14.3959
200		17.7941		93.6696		14.3948
201		17.894		95.4685		14.7953
202		18.1938		96.3684		14.4952
203		18.3937		98.6679		14.4951
204		18.5933		98.0684		14.4949
205		18.7942		98.3673		14.495
206		19.3936		98.868		14.8945
207		19.0937		100.467		14.795
208		19.0934		99.4675		14.7954
209		19.3938		101.266		15.2951
210		19.6935		101.567		14.8951
211		19.5934		102.267		14.9949
212		19.7937		102.966		14.795
213		20.2932		104.266		14.7949
214		20.8931		103.766		14.8954
215		20.5927		104.766		15.1951
216		20.5973		105.761		14.9952
217		21.093		106.066		15.1946
218		20.9928		107.165		15.0949
219		21.4925		106.465		15.4947
220		21.2931		107.165		15.3949
221		21.7929		108.364		14.8953
222		22.1931		110.263		15.0951
223		21.6926		110.363		15.3956
224		22.792		111.264		15.2955
225		22.8921		112.663		15.4949
226		22.9925		114.662		15.6947
227		22.5916		114.662		15.595
228		23.192		115.162		15.5949
229		23.4922		115.862		15.6946
230		23.5921		117.661		15.7947
231		23.2923		117.462		15.3947
232		23.6923		120.26		15.9948
233		23.8927		119.361		15.7942
234		24.4922		121.86		15.9948
235		26.6912		128.458		17.0944
236		24.3918		122.76		15.9947
237		24.9915		125.459		15.8949
238		25.7912		123.259		15.8951
239		25.3912		125.659		15.9949
240		25.5917		126.458		16.4947
241		26.0916		125.259		16.7946
242		25.7913		128.458		16.7943
243		26.5912		130.357		16.7947
244		27.7907		134.756		17.5943
245		28.5907		146.452		18.6935
246		27.5906		133.556		17.0944
247		26.7912		132.056		17.3944
248		27.691		134.456		16.994
249		27.6909		134.356		17.3939
250		27.8905		139.354		17.4947
251		27.8913		137.554		17.7942
252		28.0906		137.855		17.7939
253		28.3904		140.258		18.2906
254		30.6896		138.854		18.5942
255		28.39		142.554		19.0937
256		28.8902		141.053		18.9945
257		29.0899		143.353		19.4938
258		29.1906		144.752		19.5936
259		29.3907		146.951		20.5931
260		30.5898		146.951		21.1933
261		30.49		148.451		21.4927
262		30.6898		148.751		21.8925
263		30.5899		150.45		22.3927
264		30.6902		151.45		22.9926
265		30.99		153.349		22.5926
266		30.69		155.349		23.492
267		31.7899		155.549		23.5918
268		31.5897		155.649		24.092
269		31.6898		157.149		24.1916
270		32.3896		157.948		24.7916
271		31.5892		158.148		25.0917
272		32.4892		158.848		25.0918
273		33.0891		160.447		25.1918
274		34.7887		165.246		25.5913
275		33.4889		167.045		26.3916
276		32.9892		163.646		27.2906
277		33.8884		166.446		26.8913
278		33.989		165.246		26.2911
279		34.289		168.844		27.091
280		33.8886		168.945		27.1911
281		34.1884		168.844		26.9914
282		34.8884		171.044		27.391
283		34.9885		172.043		27.691
284		34.8885		170.443		28.391
285		36.3877		175.242		28.391
286		35.688		173.743		30.0902
287		36.188		174.642		28.5907
288		35.6881		177.642		29.2904
289		36.8879		177.642		30.1899
290		36.6882		177.741		30.1903
291		36.7882		178.641		30.39
292		38.5875		186.139		31.9893
293		37.7871		181.741		30.7895
294		37.588		182.14		31.8896
295		39.2874		183.34		32.2892
296		38.7874		185.239		32.1893
297		38.4874		186.239		32.2889
298		38.1876		187.638		32.1891
299		39.1872		186.946		32.5818
300		39.0872		188.738		32.8894
